00001000
00001000
00000000
00000011
00000000
00001000
01001000
00000000
00000101
00101000
01010000
00000000
10011001
01001000
01011000
00000000
10011101
01101100
00000000
00000010
01100000
00001100
01100000
01000000
01000101
01101100
01011000
00000000
11010001
00001011
00000000
00000011
10011001
10001011
01000000
00000000
10011101
00101101
00000000
00000001
11101000
00000000
00000000
00000111
11000001
00001100
00000000
00000100
11000101
00001000
00000000
00000100
11100000
00000000
00000000
00010000
11111100
00000000
00000000
00000000
11111100
00000000
00000000
00000000
00001000
00001101
00000000
00010011
11100101
10100000
00000000
00000000
11111100
00000000
00000000
00000000
01000001
00001001
01000000
00000000
01001001
00001000
00000000
00000100
11111100
00000000
00000000
00000000
